        1      2      3      4      5      6      7      8      9     10     11
2  0.0769                                                                      
3  0.2727 0.1667                                                               
4  0.0769 0.0000 0.1667                                                        
5  0.3333 0.3846 0.6364 0.3846                                                 
6  0.3333 0.3846 0.6364 0.3846 0.0000                                          
7  0.3333 0.3846 0.6364 0.3846 0.0000 0.0000                                   
8  0.2727 0.3333 0.6000 0.3333 0.0909 0.0909 0.0909                            
9  0.8000 0.6364 0.5556 0.6364 0.6000 0.6000 0.6000 0.7778                     
10 0.6000 0.6364 0.5556 0.6364 0.6000 0.6000 0.6000 0.7778 0.2500              
11 0.8000 0.6364 0.5556 0.6364 0.8000 0.8000 0.8000 1.0000 0.2500 0.2500       
12 0.6000 0.4545 0.3333 0.4545 0.6000 0.6000 0.6000 0.7778 0.2500 0.2500 0.2500
13 0.7500 0.6471 0.7333 0.6471 0.7500 0.7500 0.7500 0.7333 0.7143 0.8571 0.8571
14 0.7500 0.6471 0.7333 0.6471 0.7500 0.7500 0.7500 0.7333 0.7143 0.8571 0.8571
15 0.7143 0.6000 0.6923 0.6000 0.7143 0.7143 0.7143 0.6923 0.6667 0.8333 0.8333
16 0.8667 0.7500 0.7143 0.7500 0.8667 0.8667 0.8667 0.8571 0.6923 0.8462 0.8462
17 0.7500 0.6471 0.7333 0.6471 0.7500 0.7500 0.7500 0.7333 0.7143 0.8571 0.8571
18 0.7500 0.6471 0.7333 0.6471 0.7500 0.7500 0.7500 0.7333 0.7143 0.8571 0.8571
19 0.8462 0.8571 0.8333 0.8571 0.8462 0.8462 0.8462 0.8333 0.8182 0.8182 1.0000
20 0.7333 0.6250 0.7143 0.6250 0.7333 0.7333 0.7333 0.7143 0.6923 0.8462 0.8462
21 0.8571 0.7333 0.6923 0.7333 0.7143 0.7143 0.7143 0.8462 0.3333 0.5000 0.5000
22 0.7143 0.6000 0.6923 0.6000 0.5714 0.5714 0.5714 0.6923 0.5000 0.6667 0.6667
23 0.7143 0.6000 0.6923 0.6000 0.5714 0.5714 0.5714 0.6923 0.3333 0.5000 0.5000
24 0.7143 0.6000 0.6923 0.6000 0.5714 0.5714 0.5714 0.6923 0.3333 0.5000 0.5000
25 0.8333 0.8462 1.0000 0.8462 0.5000 0.5000 0.5000 0.6364 0.8000 0.8000 0.8000
26 0.6667 0.6923 0.8182 0.6923 0.3333 0.3333 0.3333 0.4545 0.6000 0.6000 0.8000
27 0.6364 0.6667 0.8000 0.6667 0.4545 0.4545 0.4545 0.6000 0.5556 0.5556 0.7778
28 0.6667 0.6923 0.8182 0.6923 0.5000 0.5000 0.5000 0.4545 0.8000 0.8000 1.0000
29 0.6667 0.6923 0.8182 0.6923 0.5000 0.5000 0.5000 0.6364 0.4000 0.4000 0.6000
30 0.6667 0.6923 0.8182 0.6923 0.5000 0.5000 0.5000 0.6364 0.4000 0.4000 0.6000
31 0.6667 0.6923 0.8182 0.6923 0.5000 0.5000 0.5000 0.6364 0.4000 0.4000 0.6000
32 0.8182 0.8333 0.8000 0.8333 0.6364 0.6364 0.6364 0.8000 0.3333 0.3333 0.5556
33 0.6364 0.6667 0.6000 0.6667 0.8182 0.8182 0.8182 0.8000 0.5556 0.3333 0.5556
34 0.6000 0.6364 0.5556 0.6364 0.8000 0.8000 0.8000 0.7778 0.7500 0.5000 0.7500
35 0.6000 0.6364 0.5556 0.6364 0.8000 0.8000 0.8000 0.7778 0.5000 0.2500 0.5000
36 0.8000 0.8182 0.7778 0.8182 0.8000 0.8000 0.8000 0.7778 0.5000 0.5000 0.7500
37 0.6923 0.5714 0.6667 0.5714 0.5385 0.5385 0.5385 0.6667 0.2727 0.4545 0.4545
38 0.6923 0.5714 0.6667 0.5714 0.5385 0.5385 0.5385 0.6667 0.2727 0.4545 0.4545
39 0.6923 0.5714 0.6667 0.5714 0.5385 0.5385 0.5385 0.6667 0.4545 0.6364 0.6364
40 0.8462 0.7143 0.6667 0.7143 0.6923 0.6923 0.6923 0.8333 0.2727 0.4545 0.4545
41 0.8182 0.6667 0.6000 0.6667 0.6364 0.6364 0.6364 0.8000 0.1111 0.3333 0.3333
42 0.8000 0.6364 0.5556 0.6364 0.6000 0.6000 0.6000 0.7778 0.2500 0.5000 0.5000
43 0.8000 0.6364 0.5556 0.6364 0.8000 0.8000 0.8000 0.7778 0.2500 0.5000 0.5000
44 0.8182 0.6667 0.6000 0.6667 0.6364 0.6364 0.6364 0.8000 0.1111 0.3333 0.3333
       12     13     14     15     16     17     18     19     20     21     22
2                                                                              
3                                                                              
4                                                                              
5                                                                              
6                                                                              
7                                                                              
8                                                                              
9                                                                              
10                                                                             
11                                                                             
12                                                                             
13 0.7143                                                                      
14 0.7143 0.1000                                                               
15 0.6667 0.2222 0.1111                                                        
16 0.6923 0.1579 0.0526 0.1765                                                 
17 0.7143 0.2000 0.1000 0.2222 0.1579                                          
18 0.7143 0.2000 0.1000 0.2222 0.1579 0.0000                                   
19 0.8182 0.4118 0.2941 0.3333 0.2500 0.1765 0.1765                            
20 0.6923 0.1579 0.0526 0.1765 0.1111 0.0526 0.0526 0.2500                     
21 0.5000 0.4444 0.4444 0.5000 0.4118 0.3333 0.3333 0.4667 0.4118              
22 0.5000 0.4444 0.4444 0.5000 0.4118 0.3333 0.3333 0.4667 0.4118 0.1250       
23 0.5000 0.5556 0.5556 0.5000 0.5294 0.4444 0.4444 0.4667 0.5294 0.1250 0.1250
24 0.5000 0.4444 0.4444 0.5000 0.4118 0.4444 0.4444 0.6000 0.4118 0.1250 0.1250
25 0.8000 0.8750 0.8750 0.8571 0.8667 1.0000 1.0000 1.0000 1.0000 0.8571 0.7143
26 0.6000 0.8750 0.8750 0.8571 0.8667 0.8750 0.8750 0.8462 0.8667 0.7143 0.5714
27 0.5556 0.7333 0.7333 0.6923 0.7143 0.8667 0.8667 0.8333 0.8571 0.6923 0.5385
28 0.8000 0.7500 0.7500 0.7143 0.7333 0.8750 0.8750 0.8462 0.8667 0.8571 0.7143
29 0.6000 0.7500 0.7500 0.7143 0.7333 0.8750 0.8750 0.8462 0.8667 0.5714 0.5714
30 0.6000 0.7500 0.7500 0.7143 0.7333 0.8750 0.8750 0.8462 0.8667 0.5714 0.5714
31 0.6000 0.7500 0.7500 0.7143 0.7333 0.8750 0.8750 0.8462 0.8667 0.5714 0.5714
32 0.5556 0.7333 0.7333 0.6923 0.7143 0.8667 0.8667 0.8333 0.8571 0.5385 0.6923
33 0.5556 0.8667 0.8667 0.8462 0.8571 0.8667 0.8667 0.8333 0.8571 0.6923 0.8462
34 0.5000 0.8571 0.8571 0.8333 0.8462 0.8571 0.8571 0.8182 0.8462 0.8333 0.8333
35 0.5000 0.8571 0.8571 0.8333 0.8462 0.8571 0.8571 0.8182 0.8462 0.6667 0.8333
36 0.7500 0.8571 0.8571 0.8333 0.8462 0.8571 0.8571 0.8182 0.8462 0.6667 0.8333
37 0.4545 0.6471 0.6471 0.6000 0.6250 0.5294 0.5294 0.5714 0.6250 0.2000 0.2000
38 0.4545 0.6471 0.6471 0.6000 0.6250 0.5294 0.5294 0.5714 0.6250 0.2000 0.2000
39 0.4545 0.5294 0.5294 0.4667 0.5000 0.4118 0.4118 0.4286 0.5000 0.2000 0.0667
40 0.4545 0.5294 0.5294 0.4667 0.5000 0.4118 0.4118 0.4286 0.5000 0.0667 0.2000
41 0.3333 0.7333 0.7333 0.6923 0.7143 0.7333 0.7333 0.8333 0.7143 0.3846 0.5385
42 0.2500 0.7143 0.7143 0.6667 0.6923 0.7143 0.7143 0.8182 0.6923 0.5000 0.5000
43 0.5000 0.7143 0.7143 0.6667 0.6923 0.7143 0.7143 0.8182 0.6923 0.5000 0.6667
44 0.3333 0.7333 0.7333 0.6923 0.7143 0.7333 0.7333 0.8333 0.7143 0.3846 0.5385
       23     24     25     26     27     28     29     30     31     32     33
2                                                                              
3                                                                              
4                                                                              
5                                                                              
6                                                                              
7                                                                              
8                                                                              
9                                                                              
10                                                                             
11                                                                             
12                                                                             
13                                                                             
14                                                                             
15                                                                             
16                                                                             
17                                                                             
18                                                                             
19                                                                             
20                                                                             
21                                                                             
22                                                                             
23                                                                             
24 0.1250                                                                      
25 0.7143 0.7143                                                               
26 0.5714 0.5714 0.1667                                                        
27 0.5385 0.5385 0.2727 0.2727                                                 
28 0.7143 0.7143 0.1667 0.1667 0.2727                                          
29 0.4286 0.4286 0.3333 0.3333 0.0909 0.3333                                   
30 0.4286 0.4286 0.3333 0.3333 0.0909 0.3333 0.0000                            
31 0.4286 0.4286 0.3333 0.3333 0.0909 0.3333 0.0000 0.0000                     
32 0.5385 0.5385 0.4545 0.4545 0.2000 0.4545 0.0909 0.0909 0.0909              
33 0.6923 0.6923 0.6364 0.4545 0.6000 0.4545 0.4545 0.4545 0.4545 0.4000       
34 0.8333 0.8333 0.6000 0.4000 0.5556 0.4000 0.6000 0.6000 0.6000 0.5556 0.1111
35 0.6667 0.6667 0.8000 0.6000 0.5556 0.6000 0.4000 0.4000 0.4000 0.3333 0.1111
36 0.6667 0.6667 0.6000 0.4000 0.5556 0.4000 0.4000 0.4000 0.4000 0.3333 0.1111
37 0.0667 0.2000 0.6923 0.5385 0.5000 0.6923 0.3846 0.3846 0.3846 0.5000 0.6667
38 0.0667 0.2000 0.6923 0.5385 0.5000 0.6923 0.3846 0.3846 0.3846 0.5000 0.6667
39 0.0667 0.2000 0.6923 0.5385 0.5000 0.6923 0.5385 0.5385 0.5385 0.6667 0.8333
40 0.0667 0.2000 0.8462 0.6923 0.6667 0.8462 0.5385 0.5385 0.5385 0.5000 0.6667
41 0.3846 0.3846 0.6364 0.4545 0.6000 0.6364 0.4545 0.4545 0.4545 0.4000 0.4000
42 0.5000 0.5000 0.6000 0.4000 0.5556 0.6000 0.6000 0.6000 0.6000 0.5556 0.5556
43 0.5000 0.5000 0.8000 0.6000 0.7778 0.6000 0.6000 0.6000 0.6000 0.5556 0.3333
44 0.3846 0.3846 0.6364 0.4545 0.6000 0.6364 0.4545 0.4545 0.4545 0.4000 0.4000
       34     35     36     37     38     39     40     41     42     43
2                                                                       
3                                                                       
4                                                                       
5                                                                       
6                                                                       
7                                                                       
8                                                                       
9                                                                       
10                                                                      
11                                                                      
12                                                                      
13                                                                      
14                                                                      
15                                                                      
16                                                                      
17                                                                      
18                                                                      
19                                                                      
20                                                                      
21                                                                      
22                                                                      
23                                                                      
24                                                                      
25                                                                      
26                                                                      
27                                                                      
28                                                                      
29                                                                      
30                                                                      
31                                                                      
32                                                                      
33                                                                      
34                                                                      
35 0.2500                                                               
36 0.2500 0.2500                                                        
37 0.8182 0.6364 0.6364                                                 
38 0.8182 0.6364 0.6364 0.1429                                          
39 0.8182 0.8182 0.8182 0.1429 0.1429                                   
40 0.8182 0.6364 0.6364 0.1429 0.1429 0.1429                            
41 0.5556 0.5556 0.3333 0.3333 0.3333 0.5000 0.3333                     
42 0.5000 0.7500 0.5000 0.4545 0.4545 0.4545 0.4545 0.1111              
43 0.5000 0.5000 0.2500 0.4545 0.4545 0.6364 0.4545 0.1111 0.2500       
44 0.5556 0.5556 0.3333 0.3333 0.3333 0.5000 0.3333 0.0000 0.1111 0.1111
